48
1 1 20 22 19 23
2 1 2 4 1 5
3 1 8 7 10 5
4 1 26 29 27 28
5 1 18 20 17 21
6 1 11 12 9 14
7 1 17 18 20 15
8 1 32 29 30 31
9 1 16 14 17 13
10 1 3 5 2 6
11 1 8 11 9 10
12 1 25 23 26 22
13 1 12 14 11 15
14 1 26 23 24 25
15 1 13 14 16 11
16 1 8 5 6 7
17 1 26 28 25 29
18 1 17 15 18 14
19 1 24 26 27 23
20 1 17 19 16 20
21 1 22 23 25 20
22 1 8 10 11 7
23 1 27 29 26 30
24 1 8 6 9 5
25 1 11 14 12 13
26 1 21 23 24 20
27 1 20 21 18 23
28 1 4 5 2 7
29 1 5 7 8 4
30 1 32 30 33 29
31 1 14 15 17 12
32 1 19 20 17 22
33 1 16 17 19 14
34 1 5 6 8 3
35 1 9 11 8 12
36 1 11 13 10 14
37 1 26 27 24 29
38 1 2 5 3 4
39 1 28 29 26 31
40 1 24 23 26 21
41 1 17 20 18 19
42 1 8 9 11 6
43 1 29 31 32 28
44 1 17 14 16 15
45 1 20 23 21 22
46 1 10 11 8 13
47 1 29 30 32 27
48 1 25 26 28 23
